PSNR_noise: 20.6461
window sigma    PSNR
     3   0.1     20.6461
     3   0.2     20.6461
     3   0.3      20.773
     3   0.4     21.9821
     3   0.5      24.053
     3   0.6     25.3623
     3   0.7     25.7045
     3   0.8     25.6858
     3   0.9     25.5774
     3     1     25.4447
     3   1.1     25.3232
     3   1.2     25.2329
     3   1.3     25.1354
     3   1.4     25.0847
     3   1.5     25.0328
     3   1.6     24.9794
     3   1.7     24.9794
     3   1.8     24.9253
     3   1.9     24.9253
     3     2     24.8693
     3   2.1     24.8693
     3   2.2     24.8693
     3   2.3     24.8124
     3   2.4     24.8124
     3   2.5     24.8124
     3   2.6     24.8124
     3   2.7     24.8124
     3   2.8     24.7545
     3   2.9     24.7545
     3     3     24.7545
     3   3.1     24.7545
     3   3.2     24.7545
     3   3.3     24.7545
     3   3.4     24.7545
     3   3.5     24.7545
     3   3.6     24.7545
     3   3.7     24.7545
     3   3.8     24.7545
     3   3.9     24.7545
     3     4     24.7545
     3   4.1     24.7545
     3   4.2     24.6956
     3   4.3     24.6956
     3   4.4     24.6956
     3   4.5     24.6956
     3   4.6     24.6956
     3   4.7     24.6956
     3   4.8     24.6956
     3   4.9     24.6956
     3     5     24.6956
     3   5.1     24.6956
     3   5.2     24.6956
     3   5.3     24.6956
     3   5.4     24.6956
     3   5.5     24.6956
     3   5.6     24.6956
     3   5.7     24.6956
     3   5.8     24.6956
     3   5.9     24.6956
     3     6     24.6956
     3   6.1     24.6956
     3   6.2     24.6956
     3   6.3     24.6956
     3   6.4     24.6956
     3   6.5     24.6956
     3   6.6     24.6956
     3   6.7     24.6956
     3   6.8     24.6956
     3   6.9     24.6956
     3     7     24.6956
     3   7.1     24.6956
     3   7.2     24.6956
     3   7.3     24.6956
     3   7.4     24.6956
     3   7.5     24.6956
     3   7.6     24.6956
     3   7.7     24.6956
     3   7.8     24.6956
     3   7.9     24.6956
     3     8     24.6956
     3   8.1     24.6956
     3   8.2     24.6956
     3   8.3     24.6956
     3   8.4     24.6956
     3   8.5     24.6956
     3   8.6     24.6956
     3   8.7     24.6956
     3   8.8     24.6956
     3   8.9     24.6956
     3     9     24.6956
     3   9.1     24.6956
     3   9.2     24.6956
     3   9.3     24.6956
     3   9.4     24.6956
     3   9.5     24.6956
     3   9.6     24.6956
     3   9.7     24.6956
     3   9.8     24.6956
     3   9.9     24.6956
     3    10     24.6956
     5   0.1     20.6461
     5   0.2     20.6461
     5   0.3      20.773
     5   0.4     21.9821
     5   0.5      24.053
     5   0.6     25.3822
     5   0.7     25.7548
     5   0.8     25.7306
     5   0.9     25.5338
     5     1     25.3139
     5   1.1     25.0395
     5   1.2     24.8361
     5   1.3     24.6314
     5   1.4     24.4721
     5   1.5     24.3068
     5   1.6     24.2115
     5   1.7     24.1143
     5   1.8     24.0398
     5   1.9     23.9407
     5     2      23.866
     5   2.1     23.8405
     5   2.2     23.7654
     5   2.3     23.7391
     5   2.4     23.6643
     5   2.5     23.6643
     5   2.6     23.5897
     5   2.7     23.5897
     5   2.8     23.5626
     5   2.9     23.5626
     5     3     23.4882
     5   3.1     23.4882
     5   3.2     23.4882
     5   3.3     23.4607
     5   3.4     23.4607
     5   3.5     23.4607
     5   3.6     23.4607
     5   3.7     23.3862
     5   3.8     23.3862
     5   3.9     23.3862
     5     4     23.3862
     5   4.1     23.3862
     5   4.2     23.3862
     5   4.3     23.3862
     5   4.4     23.3577
     5   4.5     23.3577
     5   4.6     23.3577
     5   4.7     23.3577
     5   4.8     23.3577
     5   4.9     23.3577
     5     5     23.3577
     5   5.1     23.3577
     5   5.2     23.3577
     5   5.3     23.3577
     5   5.4     23.3122
     5   5.5     23.2841
     5   5.6     23.2841
     5   5.7     23.2841
     5   5.8     23.2841
     5   5.9     23.2841
     5     6     23.2841
     5   6.1     23.2841
     5   6.2     23.2841
     5   6.3     23.2841
     5   6.4     23.2841
     5   6.5     23.2841
     5   6.6     23.2841
     5   6.7     23.2841
     5   6.8     23.2841
     5   6.9     23.2841
     5     7     23.2841
     5   7.1     23.2841
     5   7.2     23.2841
     5   7.3     23.2841
     5   7.4     23.2841
     5   7.5     23.2841
     5   7.6     23.2841
     5   7.7     23.2841
     5   7.8     23.2841
     5   7.9     23.2841
     5     8     23.2841
     5   8.1     23.2841
     5   8.2     23.2841
     5   8.3     23.2841
     5   8.4     23.2841
     5   8.5     23.2841
     5   8.6     23.2551
     5   8.7     23.2551
     5   8.8     23.2551
     5   8.9     23.2551
     5     9     23.2551
     5   9.1     23.2551
     5   9.2     23.2551
     5   9.3     23.2551
     5   9.4     23.2551
     5   9.5     23.2551
     5   9.6     23.2551
     5   9.7     23.2551
     5   9.8     23.2551
     5   9.9     23.2551
     5    10     23.2551
     7   0.1     20.6461
     7   0.2     20.6461
     7   0.3      20.773
     7   0.4     21.9821
     7   0.5      24.053
     7   0.6     25.3822
     7   0.7     25.7548
     7   0.8     25.7306
     7   0.9     25.5338
     7     1     25.2735
     7   1.1     24.9902
     7   1.2     24.7822
     7   1.3     24.5483
     7   1.4      24.313
     7   1.5     24.1286
     7   1.6     23.9633
     7   1.7      23.795
     7   1.8      23.671
     7   1.9     23.5715
     7     2     23.4436
     7   2.1     23.3712
     7   2.2     23.2697
     7   2.3     23.1977
     7   2.4     23.1384
     7   2.5     23.0668
     7   2.6     23.0378
     7   2.7     22.9662
     7   2.8     22.9346
     7   2.9     22.9309
     7     3     22.8635
     7   3.1     22.8312
     7   3.2     22.8312
     7   3.3     22.7984
     7   3.4     22.7984
     7   3.5     22.7276
     7   3.6     22.7276
     7   3.7     22.6988
     7   3.8     22.6937
     7   3.9     22.6937
     7     4     22.6937
     7   4.1      22.629
     7   4.2     22.6237
     7   4.3     22.6237
     7   4.4     22.6237
     7   4.5      22.595
     7   4.6      22.595
     7   4.7     22.5897
     7   4.8     22.5897
     7   4.9     22.5897
     7     5     22.5897
     7   5.1      22.561
     7   5.2      22.561
     7   5.3      22.561
     7   5.4     22.5551
     7   5.5     22.5551
     7   5.6     22.5196
     7   5.7     22.5196
     7   5.8     22.5196
     7   5.9     22.4912
     7     6     22.4912
     7   6.1     22.4912
     7   6.2     22.4912
     7   6.3     22.4912
     7   6.4     22.4912
     7   6.5     22.4912
     7   6.6     22.4853
     7   6.7     22.4853
     7   6.8     22.4853
     7   6.9     22.4853
     7     7     22.4853
     7   7.1     22.4853
     7   7.2     22.4853
     7   7.3     22.4853
     7   7.4     22.4853
     7   7.5     22.4569
     7   7.6     22.4569
     7   7.7     22.4569
     7   7.8     22.4569
     7   7.9     22.4569
     7     8     22.4569
     7   8.1     22.4569
     7   8.2     22.4569
     7   8.3     22.4569
     7   8.4     22.4569
     7   8.5     22.4569
     7   8.6     22.4569
     7   8.7     22.4569
     7   8.8     22.4569
     7   8.9     22.4569
     7     9     22.4569
     7   9.1     22.4569
     7   9.2     22.4569
     7   9.3     22.4504
     7   9.4     22.4504
     7   9.5     22.4504
     7   9.6     22.4504
     7   9.7     22.4504
     7   9.8     22.4504
     7   9.9     22.4504
     7    10     22.4504
